a	b	ida	idb	nSites	J9	J8	J7	J6	J5	J4	J3	J2	J1	rab	Fa	Fb	theta	inbred_relatedness_1_2	inbred_relatedness_2_1	fraternity	identity	zygosity	2of3_IDB	F_diff_a_b	loglh	nIter	bestoptimll	coverage	2dsfs	R0	R1	KING	2dsfs_loglike	2dsfsf_niter
0	1	cay007	cay011	30487	1.000000	0.000000	0.000000	0.000000	0.000000	0.000000	0.000000	0.000000	0.000000	0.000004	0.000004	0.001231	0.000004	0.000004	0.000004	0.000000	0.000004	0.000004	0.000617	-0.000613	-32905.311315	170	-32905.330161	0.011078	5.406885e-03,3.561283e-02,2.852095e-02,5.391853e-02,1.170706e-01,1.974647e-01,5.598646e-03,2.106209e-01,3.457859e-01	0.291445	0.220167	0.066732	-36033.293628	586
0	2	cay007	cay012	31593	0.984735	0.007477	0.000001	0.007754	0.000002	0.000000	0.000000	0.000000	0.000030	0.003772	0.000030	0.007787	0.001901	0.000030	0.000031	0.000001	0.000030	0.000032	0.007649	-0.003877	-34480.053235	174	-1	0.011480	6.122114e-03,4.290361e-02,2.598412e-02,6.218293e-02,9.740890e-02,1.990322e-01,1.605153e-02,1.978863e-01,3.524282e-01	0.431538	0.179047	0.019141	-37648.750912	215
0	3	cay007	cay013	111424	1.000000	0.000000	0.000000	0.000000	0.000000	0.000000	0.000000	0.000000	0.000000	0.000099	0.000079	0.001721	0.000089	0.000079	0.000079	0.000000	0.000079	0.000079	0.000920	-0.000821	-121739.570467	103	-121739.658925	0.040488	1.549522e-02,2.635128e-02,3.214412e-02,2.460186e-02,1.525034e-01,1.749531e-01,3.462925e-02,1.626325e-01,3.766893e-01	0.437849	0.334942	0.027333	-132869.342247	218
0	4	cay007	cay014	33299	0.932583	0.000000	0.000000	0.067405	0.000000	0.000000	0.000000	0.000000	0.000012	0.000012	0.000012	0.067417	0.000012	0.000012	0.000012	0.000000	0.000012	0.000012	0.033715	-0.033702	-36124.507260	130	-1	0.012100	2.354415e-02,7.100072e-03,4.229170e-02,3.186936e-02,1.421397e-01,1.829077e-01,3.070506e-02,1.711081e-01,3.683341e-01	0.513556	0.305033	-0.005690	-39415.472437	383
0	5	cay007	cay015	12906	0.904932	0.000000	0.000000	0.095038	0.000000	0.000000	0.000000	0.000000	0.000030	0.000030	0.000030	0.095068	0.000030	0.000030	0.000030	0.000000	0.000030	0.000030	0.047549	-0.047519	-13910.577920	134	-1	0.004690	2.170314e-02,9.502667e-09,4.614642e-02,3.836253e-02,1.492794e-01,1.753893e-01,3.490103e-02,1.541715e-01,3.800467e-01	0.542925	0.332492	-0.019229	-15202.500895	375
0	6	cay007	cay016	32450	1.000000	0.000000	0.000000	0.000000	0.000000	0.000000	0.000000	0.000000	0.000000	0.000020	0.000007	0.000453	0.000013	0.000007	0.000007	0.000000	0.000007	0.000007	0.000243	-0.000223	-35043.279706	134	-35043.294369	0.011791	7.748605e-03,3.778896e-02,2.674114e-02,2.311772e-02,1.703435e-01,1.628117e-01,2.692642e-02,1.773249e-01,3.671970e-01	0.315055	0.374620	0.084948	-38412.867471	406
0	7	cay007	cay018	28884	0.892557	0.000000	0.000000	0.107437	0.000000	0.000000	0.000000	0.000000	0.000006	0.000006	0.000006	0.107443	0.000006	0.000006	0.000006	0.000000	0.000006	0.000006	0.053724	-0.053719	-31359.965275	150	-1	0.010496	1.670921e-02,2.117076e-02,3.891326e-02,4.014078e-02,1.288990e-01,1.827068e-01,4.161440e-02,1.541275e-01,3.757182e-01	0.624734	0.269284	-0.049023	-34274.838448	454
0	8	cay007	cay020	25658	0.979638	0.000000	0.000000	0.020354	0.000000	0.000000	0.000000	0.000000	0.000008	0.000008	0.000008	0.020362	0.000008	0.000008	0.000008	0.000000	0.000008	0.000008	0.010185	-0.010177	-27805.756689	242	-1	0.009323	2.528450e-06,5.532439e-02,1.713391e-02,4.449523e-02,1.157746e-01,2.005337e-01,4.236006e-02,1.506794e-01,3.736962e-01	0.513877	0.226775	-0.004708	-30297.448124	247
0	9	cay007	cay022	29296	0.981597	0.000000	0.000000	0.018397	0.000000	0.000000	0.000000	0.000000	0.000005	0.000005	0.000005	0.018403	0.000005	0.000005	0.000005	0.000000	0.000005	0.000005	0.009204	-0.009199	-31832.255495	254	-1	0.010645	1.577196e-02,1.972483e-02,3.971797e-02,2.107738e-02,1.741876e-01,1.627714e-01,4.482220e-02,1.439799e-01,3.779467e-01	0.485340	0.403125	0.007339	-34737.720668	239
0	10	cay007	cay027	14011	0.944133	0.023527	0.009329	0.023007	0.000000	0.000000	0.000000	0.000000	0.000005	0.021098	0.000005	0.023011	0.010551	0.000005	0.000005	0.009329	0.000005	0.009334	0.032601	-0.011503	-15164.714052	234	-1	0.005091	7.552599e-10,4.835642e-02,1.960822e-02,6.997249e-02,9.135182e-02,2.081511e-01,1.396262e-02,1.834337e-01,3.651636e-01	0.367490	0.168085	0.034955	-16554.954404	1290
0	11	cay007	cay033	16320	0.983020	0.013545	0.000328	0.000598	0.000014	0.000000	0.000000	0.000000	0.002495	0.009605	0.002495	0.003107	0.006052	0.002495	0.002502	0.000328	0.002495	0.002822	0.009908	-0.000299	-17650.781481	114	-1	0.005930	2.039590e-02,2.568382e-02,3.369558e-02,2.182887e-02,1.529780e-01,1.726793e-01,3.959190e-05,2.322446e-01,3.404544e-01	0.220523	0.314658	0.112748	-19258.549592	510
0	12	cay007	cay1820	53625	0.975603	0.000000	0.000000	0.024390	0.000000	0.000000	0.000000	0.000000	0.000007	0.000007	0.000007	0.024397	0.000007	0.000007	0.000007	0.000000	0.000007	0.000007	0.012202	-0.012195	-58361.033649	166	-1	0.019486	3.278667e-03,4.851579e-02,2.337559e-02,4.690279e-02,1.136875e-01,1.945580e-01,3.290638e-02,1.704564e-01,3.663189e-01	0.495058	0.220020	0.001634	-63701.570250	366
0	13	cay007	CAY004	60440	1.000000	0.000000	0.000000	0.000000	0.000000	0.000000	0.000000	0.000000	0.000000	0.000009	0.000009	0.000782	0.000009	0.000009	0.000009	0.000000	0.000009	0.000009	0.000396	-0.000386	-65373.244795	138	-65373.275636	0.021962	2.191500e-02,9.246551e-03,4.262737e-02,1.402614e-02,1.790281e-01,1.623122e-01,2.956984e-02,1.689796e-01,3.722952e-01	0.403273	0.419504	0.048600	-71413.615366	246
0	14	cay007	CAY008	63952	1.000000	0.000000	0.000000	0.000000	0.000000	0.000000	0.000000	0.000000	0.000000	0.000002	0.000002	0.000715	0.000002	0.000002	0.000002	0.000000	0.000002	0.000002	0.000358	-0.000357	-69933.957834	154	-69933.991418	0.023238	1.568808e-04,4.644033e-02,2.148867e-02,5.355346e-02,1.119556e-01,2.046444e-01,1.626452e-02,2.043814e-01,3.411148e-01	0.337216	0.204757	0.049731	-76184.909342	150
1	2	cay011	cay012	3068	0.776451	0.000000	0.000000	0.000005	0.000000	0.221204	0.000000	0.002338	0.000002	0.000002	0.223544	0.002345	0.000002	0.000002	0.000002	0.002338	0.000002	0.002340	0.112945	0.110600	-3171.076207	162	-1	0.001115	4.239184e-02,9.625006e-06,9.247586e-02,3.395518e-02,7.572378e-02,1.116438e-01,1.948599e-02,2.339829e-01,3.903310e-01	1.478556	0.154050	-0.279075	-3450.230289	158
1	3	cay011	cay013	10437	1.000000	0.000000	0.000000	0.000000	0.000000	0.000000	0.000000	0.000000	0.000000	0.000003	0.000034	0.001441	0.000003	0.000003	0.000003	0.000000	0.000003	0.000004	0.000737	-0.000704	-10779.416573	158	-10779.421660	0.003793	1.114649e-02,1.169750e-04,3.987253e-02,3.067186e-02,1.771763e-01,1.722694e-01,3.085325e-02,1.541697e-01,3.837235e-01	0.399183	0.414008	0.050205	-11721.225095	182
1	4	cay011	cay014	3208	0.964548	0.032529	0.002460	0.000068	0.000000	0.000368	0.000021	0.000000	0.000005	0.018745	0.000394	0.000074	0.009378	0.000016	0.000005	0.002460	0.000005	0.002466	0.018969	0.000150	-3304.167522	90	-1	0.001166	3.972367e-12,5.169247e-03,6.684309e-02,4.552766e-03,2.999615e-01,4.984552e-02,4.890460e-02,7.825474e-02,4.464686e-01	0.385875	1.182953	0.092805	-3607.835732	411
1	5	cay011	cay015	1212	1.000000	0.000000	0.000000	0.000000	0.000000	0.000000	0.000000	0.000000	0.000000	0.000002	0.001048	0.000002	0.000002	0.000002	0.000002	0.000000	0.000002	0.000002	0.000525	0.000523	-1220.985140	154	-1220.985761	0.000440	1.604871e-02,1.592090e-06,6.718499e-02,9.887739e-10,2.158782e-01,1.125207e-01,1.067967e-08,2.020472e-01,3.863186e-01	0.311217	0.565490	0.109213	-1334.965625	130
1	6	cay011	cay016	3109	0.918561	0.000000	0.000000	0.000005	0.000000	0.081432	0.000000	0.000001	0.000002	0.000002	0.081434	0.000008	0.000002	0.000002	0.000002	0.000001	0.000002	0.000003	0.040721	0.040713	-3216.873255	198	-1	0.001130	3.476628e-03,8.714408e-02,3.095562e-03,9.642777e-05,1.073758e-01,1.948816e-01,4.382918e-02,2.148465e-01,3.452542e-01	0.437014	0.197421	0.019005	-3506.225194	567
1	7	cay011	cay018	2672	0.685967	0.000008	0.000000	0.311801	0.000002	0.000857	0.000001	0.000000	0.001364	0.001370	0.002222	0.313167	0.001367	0.001364	0.001365	0.000000	0.001364	0.001364	0.157700	-0.155472	-2789.726352	90	-1	0.000971	5.378487e-02,1.427678e-02,1.572706e-02,2.158226e-03,1.013853e-01,2.480968e-01,8.743681e-02,1.023972e-01,3.747370e-01	1.017543	0.215671	-0.184207	-3040.423194	426
1	8	cay011	cay020	2313	1.000000	0.000000	0.000000	0.000000	0.000000	0.000000	0.000000	0.000000	0.000000	0.000089	0.000129	0.000127	0.000064	0.000039	0.000039	0.000000	0.000039	0.000039	0.000178	0.000001	-2421.692018	94	-2421.693287	0.000840	3.856299e-02,3.711705e-02,4.272982e-19,7.978839e-17,1.067856e-01,2.850031e-01,2.780040e-13,2.773825e-01,2.551488e-01	0.000000	0.178124	0.131336	-2652.759357	570
1	9	cay011	cay022	2713	1.000000	0.000000	0.000000	0.000000	0.000000	0.000000	0.000000	0.000000	0.000000	0.000001	0.000036	0.000971	0.000001	0.000001	0.000001	0.000002	0.000001	0.000003	0.000503	-0.000467	-2776.962086	182	-2776.963871	0.000986	3.786841e-03,2.545062e-02,1.781907e-02,1.333818e-07,2.041571e-01,1.795945e-01,1.238340e-01,9.990718e-04,4.443586e-01	0.693844	0.587169	-0.128832	-3018.798470	327
1	10	cay011	cay027	1346	0.709708	0.000137	0.290050	0.000016	0.000002	0.000000	0.000000	0.000074	0.000013	0.290133	0.000087	0.000105	0.145073	0.000013	0.000014	0.290124	0.000013	0.290136	0.290215	-0.000008	-1376.878978	718	-1	0.000489	2.866474e-03,1.473090e-06,2.521701e-02,5.880453e-08,3.796029e-01,4.084206e-02,5.473734e-13,9.770099e-02,4.537691e-01	0.066430	2.318021	0.366660	-1474.847191	234
1	11	cay011	cay033	1606	0.988340	0.000584	0.011076	0.000000	0.000000	0.000000	0.000000	0.000000	0.000000	0.011368	0.000000	0.000000	0.005684	0.000000	0.000000	0.011076	0.000000	0.011076	0.011368	-0.000000	-1646.694569	2443	-1	0.000584	2.911900e-06,1.198687e-06,2.491644e-02,2.372728e-05,3.306143e-01,1.293774e-01,1.191013e-05,1.589626e-01,3.560896e-01	0.075400	1.055287	0.295661	-1801.214698	142
1	12	cay011	cay1820	4894	1.000000	0.000000	0.000000	0.000000	0.000000	0.000000	0.000000	0.000000	0.000000	0.000471	0.000470	0.002049	0.000471	0.000470	0.000470	0.000000	0.000470	0.000470	0.001260	-0.000789	-5131.989304	94	-5131.992675	0.001778	5.282904e-02,1.924249e-02,1.023434e-05,7.477003e-06,9.371297e-02,2.930937e-01,2.606587e-02,2.314085e-01,2.836297e-01	0.278255	0.164458	0.056841	-5610.399511	430
1	13	cay011	CAY004	5717	1.000000	0.000000	0.000000	0.000000	0.000000	0.000000	0.000000	0.000000	0.000000	0.000020	0.002016	0.000038	0.000020	0.000020	0.000020	0.000000	0.000020	0.000020	0.001027	0.000989	-5884.981014	138	-5884.985022	0.002077	3.555448e-06,5.102873e-02,1.155179e-02,4.839784e-02,1.088532e-01,2.077975e-01,1.658672e-02,1.985043e-01,3.572764e-01	0.258500	0.203896	0.072676	-6442.182829	270
1	14	cay011	CAY008	5791	0.957016	0.000000	0.000000	0.036203	0.000000	0.006759	0.000000	0.000012	0.000011	0.000011	0.006781	0.036225	0.000011	0.000011	0.000011	0.000012	0.000011	0.000022	0.021503	-0.014722	-6021.268441	226	-1	0.002104	1.236592e-02,4.818128e-02,2.050758e-02,2.390737e-03,1.713019e-01,1.581703e-01,7.351480e-02,1.174223e-01,3.961452e-01	0.548870	0.407680	-0.025035	-6612.422201	1298
2	3	cay012	cay013	10871	0.946186	0.000000	0.000000	0.053145	0.000000	0.000459	0.000000	0.000208	0.000002	0.000002	0.000669	0.053355	0.000002	0.000002	0.000002	0.000208	0.000002	0.000210	0.027012	-0.026343	-11175.228069	138	-1	0.003950	1.368995e-02,3.222894e-06,4.604275e-02,3.482639e-02,1.761020e-01,1.619997e-01,4.062788e-02,1.279337e-01,3.987744e-01	0.492162	0.428020	0.004078	-12306.950514	218
2	4	cay012	cay014	3341	0.927064	0.000000	0.000000	0.012364	0.000000	0.058985	0.000000	0.001525	0.000063	0.000063	0.060572	0.013951	0.000063	0.000063	0.000063	0.001525	0.000063	0.001587	0.037262	0.023311	-3473.991286	126	-1	0.001214	2.885289e-04,9.388746e-02,1.334493e-04,1.746319e-04,1.319284e-01,2.021164e-01,7.583737e-02,1.002924e-01,3.953414e-01	0.575849	0.279248	-0.030308	-3787.772474	155
2	5	cay012	cay015	1340	1.000000	0.000000	0.000000	0.000000	0.000000	0.000000	0.000000	0.000000	0.000000	0.000002	0.000013	0.000486	0.000002	0.000002	0.000002	0.000000	0.000002	0.000002	0.000250	-0.000236	-1401.068369	134	-1401.069176	0.000487	1.088135e-06,2.016213e-13,5.573786e-02,1.430708e-02,2.774803e-01,1.224617e-01,3.764910e-02,1.053821e-01,3.869808e-01	0.336553	0.826972	0.113794	-1528.692140	354
2	6	cay012	cay016	3126	0.835582	0.000021	0.000000	0.000000	0.000000	0.116437	0.047960	0.000000	0.000000	0.035981	0.164397	0.000000	0.023985	0.023980	0.000000	0.000000	0.000000	0.000000	0.106189	0.058218	-3234.770698	150	-1	0.001136	5.731812e-06,1.215569e-01,6.088300e-07,3.612088e-02,2.398116e-02,1.982353e-01,1.806612e-02,2.431761e-01,3.588572e-01	0.753372	0.038858	-0.018781	-3526.903461	430
2	7	cay012	cay018	2838	1.000000	0.000000	0.000000	0.000000	0.000000	0.000000	0.000000	0.000000	0.000000	0.000003	0.000066	0.000153	0.000003	0.000003	0.000003	0.000000	0.000003	0.000003	0.000109	-0.000043	-2868.235492	110	-2868.236164	0.001031	3.201202e-02,1.270827e-04,1.890646e-02,3.049986e-03,1.473173e-01,2.235825e-01,2.252564e-16,2.530204e-01,3.219843e-01	0.128338	0.295411	0.141403	-3127.473702	682
2	8	cay012	cay020	2393	0.708612	0.000000	0.000000	0.242592	0.000000	0.038698	0.000000	0.010096	0.000002	0.000002	0.048796	0.252690	0.000002	0.000002	0.000002	0.010096	0.000002	0.010098	0.150743	-0.101947	-2491.268251	214	-1	0.000870	3.024756e-02,6.057897e-02,2.639361e-04,1.293058e-03,7.154858e-02,2.758938e-01,9.961863e-02,8.815480e-02,3.724006e-01	1.396010	0.136075	-0.225330	-2715.945822	302
2	9	cay012	cay022	2943	0.703591	0.000000	0.000000	0.163865	0.000000	0.000012	0.000000	0.132496	0.000036	0.000036	0.132543	0.296397	0.000036	0.000036	0.000036	0.132496	0.000036	0.132532	0.214470	-0.081927	-2990.189334	206	-1	0.001069	3.352829e-02,6.959282e-03,4.677092e-02,6.993360e-06,1.758170e-01,1.351888e-01,1.259027e-01,3.304668e-03,4.725214e-01	0.982121	0.552652	-0.341043	-3306.802264	298
2	10	cay012	cay027	1419	0.539837	0.000135	0.061971	0.000000	0.000000	0.398034	0.000021	0.000000	0.000003	0.062057	0.398057	0.000003	0.031032	0.000013	0.000003	0.061971	0.000003	0.061974	0.261079	0.199017	-1463.934539	114	-1	0.000516	6.848123e-09,9.843809e-02,5.822914e-02,1.437350e-07,1.414140e-01,6.949495e-02,1.016111e-07,2.286384e-01,4.037852e-01	0.411764	0.310936	0.036732	-1593.183858	182
2	11	cay012	cay033	1681	1.000000	0.000000	0.000000	0.000000	0.000000	0.000000	0.000000	0.000000	0.000000	0.000002	0.000437	0.000002	0.000002	0.000002	0.000002	0.000000	0.000002	0.000002	0.000220	0.000217	-1732.352625	130	-1732.353303	0.000611	1.977176e-10,2.641778e-02,2.819887e-04,5.727764e-11,2.745931e-01,1.490245e-01,2.639311e-08,2.260701e-01,3.236126e-01	0.001027	0.683417	0.288240	-1892.031334	246
2	12	cay012	cay1820	5121	1.000000	0.000000	0.000000	0.000000	0.000000	0.000000	0.000000	0.000000	0.000000	0.000003	0.000244	0.000468	0.000003	0.000003	0.000003	0.000000	0.000003	0.000003	0.000356	-0.000112	-5271.332633	146	-5271.335662	0.001861	2.939208e-02,1.525970e-02,9.470072e-03,1.479694e-05,1.482366e-01,2.442617e-01,3.174031e-02,1.913082e-01,3.303165e-01	0.278004	0.301260	0.088069	-5748.408232	315
2	13	cay012	CAY004	5997	0.864358	0.000000	0.000000	0.000000	0.000000	0.135637	0.000000	0.000000	0.000006	0.000006	0.135642	0.000006	0.000006	0.000006	0.000006	0.000000	0.000006	0.000006	0.067824	0.067818	-6233.282115	158	-1	0.002179	2.178576e-02,7.727265e-02,2.037327e-02,1.851806e-02,2.984965e-02,2.058210e-01,5.361029e-06,3.118925e-01,3.144818e-01	0.682709	0.047090	-0.016203	-6800.152699	330
2	14	cay012	CAY008	6162	0.723025	0.000000	0.000000	0.001021	0.000000	0.275783	0.000000	0.000169	0.000002	0.000002	0.275954	0.001192	0.000002	0.000002	0.000002	0.000169	0.000002	0.000171	0.138573	0.137381	-6479.528287	150	-1	0.002239	1.265445e-05,4.733204e-02,8.364586e-02,5.058358e-02,1.188148e-01,7.228035e-02,3.257745e-02,1.828061e-01,4.119471e-01	0.978189	0.253215	-0.192390	-7068.056286	322
3	4	cay013	cay014	11665	0.934671	0.000000	0.000000	0.065326	0.000000	0.000000	0.000000	0.000000	0.000003	0.000003	0.000003	0.065329	0.000003	0.000003	0.000003	0.000000	0.000003	0.000003	0.032666	-0.032663	-12161.108093	138	-1	0.004239	2.493540e-02,7.224004e-10,4.642143e-02,2.090050e-02,1.684897e-01,1.668185e-01,3.963458e-02,1.475376e-01,3.852622e-01	0.510749	0.399916	-0.005388	-13325.428175	2602
3	5	cay013	cay015	4305	0.735663	0.000003	0.000000	0.209645	0.000000	0.054094	0.000000	0.000560	0.000035	0.000037	0.054689	0.210240	0.000036	0.000035	0.000035	0.000560	0.000035	0.000596	0.132466	-0.077775	-4446.098235	130	-1	0.001564	4.089590e-07,4.140408e-02,4.537837e-02,5.089653e-02,1.235772e-01,1.370841e-01,5.205308e-02,1.169027e-01,4.327035e-01	0.788426	0.278503	-0.120123	-4855.546637	206
3	6	cay013	cay016	11051	0.944930	0.010079	0.000042	0.000113	0.000000	0.044756	0.000000	0.000046	0.000032	0.005114	0.044835	0.000192	0.002573	0.000032	0.000032	0.000088	0.000032	0.000121	0.027595	0.022322	-11388.941983	78	-1	0.004016	9.474451e-03,5.109726e-02,2.612909e-02,1.872484e-04,1.685516e-01,1.446148e-01,3.156635e-02,1.782795e-01,3.900997e-01	0.342301	0.390279	0.074739	-12441.914108	178
3	7	cay013	cay018	9734	0.808345	0.000622	0.000045	0.179809	0.000010	0.003450	0.000074	0.000114	0.007530	0.007949	0.011169	0.187464	0.007750	0.007567	0.007535	0.000160	0.007530	0.007690	0.099714	-0.088180	-10064.794909	122	-1	0.003537	1.435640e-03,5.657229e-02,1.722771e-02,9.841691e-02,3.503114e-03,2.298543e-01,1.338926e-02,2.122405e-01,3.673603e-01	8.739931	0.005581	-0.095567	-10991.864008	967
3	8	cay013	cay020	8587	0.865205	0.000112	0.013760	0.000465	0.000000	0.001660	0.000000	0.118796	0.000001	0.013818	0.120457	0.119263	0.006910	0.000001	0.000001	0.132557	0.000001	0.132558	0.133677	0.000597	-9017.315643	166	-1	0.003120	3.801058e-02,2.593065e-06,5.900585e-02,1.727917e-02,1.254921e-01,1.533255e-01,2.877315e-02,1.986297e-01,3.794814e-01	0.699479	0.274590	-0.080723	-9752.710989	178
3	9	cay013	cay022	9679	0.931044	0.000000	0.000000	0.033570	0.000000	0.004307	0.000000	0.031073	0.000006	0.000006	0.035386	0.064648	0.000006	0.000006	0.000006	0.031073	0.000006	0.031078	0.050017	-0.014631	-10006.252553	338	-1	0.003517	7.471940e-03,2.797076e-02,5.086715e-02,2.204129e-02,1.765907e-01,1.194009e-01,6.116644e-02,1.059834e-01,4.285074e-01	0.634425	0.455800	-0.075530	-10980.143332	426
3	10	cay013	cay027	4837	0.958288	0.000000	0.000000	0.041706	0.000000	0.000001	0.000000	0.000001	0.000005	0.000005	0.000006	0.041712	0.000005	0.000005	0.000005	0.000001	0.000005	0.000006	0.020859	-0.020853	-5101.055209	274	-1	0.001758	2.484197e-06,5.841774e-02,1.074787e-02,1.920025e-05,1.994356e-01,1.602123e-01,9.990223e-02,4.940003e-02,4.218625e-01	0.554816	0.526633	-0.032784	-5565.965856	183
3	11	cay013	cay033	5381	0.995436	0.000480	0.000002	0.000000	0.000000	0.001685	0.000279	0.000000	0.002117	0.002568	0.004081	0.002117	0.002377	0.002256	0.002117	0.000002	0.002117	0.002119	0.003481	0.000843	-5538.068214	94	-1	0.001955	4.186772e-05,7.598870e-02,4.398473e-03,8.586270e-05,1.786636e-01,1.400845e-01,2.647912e-02,2.056051e-01,3.686528e-01	0.172825	0.394713	0.150057	-6103.633342	226
3	12	cay013	cay1820	18022	0.918419	0.005726	0.002168	0.000390	0.000020	0.069140	0.000051	0.000087	0.003999	0.009083	0.073277	0.004496	0.006550	0.004024	0.004009	0.002255	0.003999	0.006254	0.043953	0.034375	-18826.967525	90	-1	0.006549	3.482227e-02,6.170846e-05,5.313056e-02,1.548132e-02,1.458797e-01,1.480701e-01,1.411804e-02,2.212963e-01,3.671400e-01	0.460987	0.322630	0.016821	-20472.284097	194
3	13	cay013	CAY004	20677	0.936842	0.062557	0.000089	0.000005	0.000000	0.000506	0.000000	0.000000	0.000001	0.031368	0.000507	0.000005	0.015684	0.000001	0.000001	0.000089	0.000001	0.000090	0.031624	0.000251	-21435.579756	106	-1	0.007513	3.064859e-03,5.069567e-02,2.207111e-02,4.699558e-02,1.090562e-01,1.829283e-01,8.171242e-04,2.195097e-01,3.648614e-01	0.209876	0.208514	0.088104	-23423.069835	522
3	14	cay013	CAY008	21640	0.702415	0.293363	0.004222	0.000000	0.000000	0.000000	0.000000	0.000000	0.000000	0.150903	0.000000	0.000000	0.075452	0.000000	0.000000	0.004222	0.000000	0.004222	0.150903	0.000000	-22294.281483	210	-1	0.007863	2.790567e-04,5.569452e-02,1.573015e-02,6.658130e-02,1.100786e-01,1.609935e-01,4.367078e-04,1.865132e-01,4.036930e-01	0.146867	0.226523	0.112684	-24276.282503	131
4	5	cay014	cay015	1338	0.750317	0.000000	0.000000	0.197708	0.000000	0.028203	0.000000	0.023766	0.000006	0.000006	0.051975	0.221480	0.000006	0.000006	0.000006	0.023766	0.000006	0.023771	0.136727	-0.084752	-1379.714236	134	-1	0.000486	6.999801e-02,3.417211e-03,3.288964e-02,2.074471e-07,1.620430e-05,2.601905e-01,8.025760e-02,1.894298e-01,3.638008e-01	6982.545480	0.000029	-0.499433	-1484.184022	310
4	6	cay014	cay016	3372	0.744561	0.015493	0.081247	0.153659	0.005038	0.000000	0.000000	0.000000	0.000002	0.092774	0.000002	0.158699	0.047017	0.000002	0.002521	0.081247	0.000002	0.081248	0.170863	-0.076830	-3445.236085	250	-1	0.001225	2.664938e-02,3.395009e-04,3.630168e-02,5.058879e-02,1.312306e-01,1.871444e-01,1.804921e-02,1.554586e-01,3.942378e-01	0.414163	0.293003	0.034343	-3749.944925	382
4	7	cay014	cay018	2770	0.829095	0.000000	0.000000	0.000002	0.000000	0.170878	0.000000	0.000002	0.000024	0.000024	0.170903	0.000027	0.000024	0.000024	0.000024	0.000002	0.000024	0.000026	0.085465	0.085438	-2830.294936	90	-1	0.001007	9.436414e-03,8.929824e-02,3.477330e-03,4.234035e-05,8.110115e-02,2.046584e-01,2.431556e-02,2.474859e-01,3.401847e-01	0.342694	0.142463	0.036260	-3091.489515	466
4	8	cay014	cay020	2619	0.709319	0.000000	0.000000	0.175518	0.000000	0.114810	0.000000	0.000352	0.000002	0.000002	0.115164	0.175871	0.000002	0.000002	0.000002	0.000352	0.000002	0.000353	0.145517	-0.030354	-2662.681921	226	-1	0.000952	1.700440e-03,1.134256e-01,8.721104e-05,1.410390e-03,8.306745e-02,1.687388e-01,1.154820e-01,9.119734e-02,4.248908e-01	1.391269	0.169407	-0.273746	-2970.178507	238
4	9	cay014	cay022	3000	0.512305	0.000000	0.000000	0.487423	0.000000	0.000037	0.000000	0.000231	0.000005	0.000005	0.000273	0.487658	0.000005	0.000005	0.000005	0.000231	0.000005	0.000236	0.243966	-0.243693	-3088.251807	106	-1	0.001090	1.810793e-02,4.063534e-08,9.573223e-03,5.033190e-02,1.389140e-01,2.519871e-01,1.017724e-01,2.315217e-02,4.061612e-01	0.801543	0.318014	-0.138865	-3399.583044	286
4	10	cay014	cay027	1563	0.801484	0.000000	0.000000	0.111699	0.000000	0.056725	0.000000	0.030090	0.000001	0.000001	0.086816	0.141791	0.000001	0.000001	0.000001	0.030090	0.000001	0.030091	0.114304	-0.027487	-1624.481376	150	-1	0.000568	3.342345e-02,1.715445e-06,7.404503e-02,1.183860e-02,1.516089e-01,1.587832e-01,2.559751e-02,1.884496e-01,3.562520e-01	0.657234	0.330507	-0.071987	-1783.577047	414
4	11	cay014	cay033	1639	0.921680	0.000000	0.000000	0.078284	0.000000	0.000034	0.000000	0.000001	0.000002	0.000002	0.000037	0.078287	0.000002	0.000002	0.000002	0.000001	0.000002	0.000003	0.039162	-0.039125	-1674.774735	286	-1	0.000596	4.220426e-10,4.487151e-02,4.353945e-02,5.199986e-02,1.151698e-01,1.575711e-01,2.657153e-02,1.783174e-01,3.819593e-01	0.608762	0.229025	-0.037780	-1847.141471	718
4	12	cay014	cay1820	5311	0.857279	0.000000	0.000000	0.000007	0.000000	0.142711	0.000000	0.000000	0.000003	0.000003	0.142714	0.000009	0.000003	0.000003	0.000003	0.000000	0.000003	0.000003	0.071362	0.071352	-5425.071069	166	-1	0.001930	2.553012e-03,1.057507e-01,3.407684e-04,1.062265e-03,8.433350e-02,1.844387e-01,5.601063e-02,1.958975e-01,3.696130e-01	0.668197	0.155167	-0.043258	-5991.510695	383
4	13	cay014	CAY004	6282	0.843066	0.000001	0.000000	0.000001	0.000000	0.156928	0.000000	0.000000	0.000003	0.000004	0.156932	0.000004	0.000004	0.000003	0.000003	0.000000	0.000003	0.000004	0.078469	0.078464	-6420.489885	90	-1	0.002283	2.460567e-12,1.264341e-02,7.926364e-02,8.208108e-03,2.464296e-01,4.048642e-02,4.741471e-02,9.890139e-02,4.666527e-01	0.514055	0.858886	-0.010607	-6943.553027	418
4	14	cay014	CAY008	6569	1.000000	0.000000	0.000000	0.000000	0.000000	0.000000	0.000000	0.000000	0.000000	0.000612	0.000553	0.004107	0.000580	0.000548	0.000548	0.000000	0.000548	0.000548	0.002395	-0.001777	-6794.979518	106	-6794.982419	0.002387	2.232269e-02,3.580146e-02,5.238390e-03,3.261656e-06,1.511394e-01,2.037957e-01,6.265239e-02,1.502798e-01,3.687669e-01	0.449193	0.330164	0.022188	-7436.541965	210
5	6	cay015	cay016	1304	0.590211	0.000680	0.000000	0.038709	0.130344	0.240049	0.000000	0.000006	0.000001	0.098098	0.240056	0.169060	0.065342	0.000001	0.065172	0.000006	0.000001	0.000007	0.270070	0.100670	-1333.475231	174	-1	0.000474	1.716607e-02,3.316771e-02,7.907985e-02,9.086345e-02,3.024405e-02,9.845150e-02,5.446023e-21,2.190160e-01,4.320114e-01	2.614725	0.058097	-0.254819	-1450.998865	551
5	7	cay015	cay018	1091	0.536195	0.000000	0.000000	0.187061	0.000000	0.008025	0.000000	0.268715	0.000004	0.000004	0.276745	0.455780	0.000004	0.000004	0.000004	0.268715	0.000004	0.268719	0.366262	-0.089518	-1083.432943	198	-1	0.000396	7.054194e-02,3.965177e-08,2.759112e-02,4.066210e-08,1.265224e-07,2.526920e-01,7.967224e-02,1.909409e-01,3.785616e-01	847781.671759	0.000000	-0.483567	-1189.678949	142
5	8	cay015	cay020	1074	0.313939	0.003432	0.000103	0.260838	0.000109	0.043373	0.004194	0.361328	0.012683	0.017729	0.421578	0.634958	0.015744	0.014780	0.012737	0.361432	0.012683	0.374114	0.532239	-0.108732	-1092.326966	138	-1	0.000390	7.606912e-02,1.089143e-09,9.057701e-02,4.943960e-04,3.205961e-07,1.456956e-01,1.122063e-01,9.968007e-02,4.752772e-01	632519.378888	0.000001	-1.649510	-1179.642608	2327
5	9	cay015	cay022	1137	0.760126	0.000933	0.074029	0.164911	0.000001	0.000000	0.000000	0.000000	0.000000	0.074496	0.000000	0.164912	0.037248	0.000000	0.000000	0.074029	0.000000	0.074029	0.156952	-0.082456	-1128.865996	94	-1	0.000413	1.306216e-02,2.183469e-10,1.249040e-11,1.649029e-02,2.298961e-01,1.953447e-01,8.868107e-02,2.836168e-04,4.562421e-01	0.385744	0.764283	0.078186	-1240.134283	242
5	10	cay015	cay027	521	0.814770	0.000031	0.185198	0.000000	0.000000	0.000001	0.000000	0.000000	0.000000	0.185213	0.000001	0.000000	0.092607	0.000000	0.000000	0.185198	0.000000	0.185198	0.185214	0.000000	-524.776973	82	-1	0.000189	6.898665e-08,2.698754e-10,6.400896e-02,3.138498e-10,3.195763e-01,1.709749e-07,1.815182e-04,1.436228e-01,4.726102e-01	0.200861	1.537804	0.244253	-564.111540	158
5	11	cay015	cay033	702	0.887461	0.000055	0.112477	0.000000	0.000000	0.000000	0.000000	0.000000	0.000006	0.112511	0.000006	0.000006	0.056259	0.000006	0.000006	0.112477	0.000006	0.112484	0.112511	0.000000	-721.434230	109	-1	0.000255	1.918621e-14,5.252115e-12,1.156191e-04,9.861539e-15,3.039381e-01,1.361294e-01,6.284227e-15,1.816717e-01,3.781452e-01	0.000380	0.956031	0.328092	-767.924597	278
5	12	cay015	cay1820	2127	0.319338	0.006676	0.000533	0.317498	0.000001	0.186187	0.008337	0.161414	0.000016	0.010140	0.355954	0.478929	0.006120	0.004185	0.000016	0.161947	0.000016	0.161963	0.425481	-0.065656	-2148.602413	7774	-1	0.000773	5.768712e-02,3.314323e-02,5.213398e-02,1.463442e-05,4.226453e-04,1.777643e-01,1.004343e-01,1.383061e-01,4.400936e-01	360.984253	0.000842	-0.870428	-2339.065360	306
5	13	cay015	CAY004	2425	0.590736	0.322464	0.086144	0.000630	0.000000	0.000000	0.000000	0.000000	0.000025	0.247402	0.000025	0.000655	0.123713	0.000025	0.000025	0.086144	0.000025	0.086169	0.247717	-0.000315	-2470.629322	146	-1	0.000881	7.901940e-04,2.334422e-06,2.046761e-06,7.075232e-02,2.406624e-01,1.887582e-01,4.761713e-08,8.597580e-02,4.130567e-01	0.000009	0.696581	0.291067	-2679.475816	234
5	14	cay015	CAY008	2432	0.931788	0.000000	0.000000	0.002707	0.000000	0.061210	0.000000	0.000011	0.004283	0.004283	0.065504	0.007002	0.004283	0.004283	0.004283	0.000011	0.004283	0.004294	0.036253	0.029251	-2528.624715	138	-1	0.000884	1.224199e-02,5.980739e-02,3.403231e-03,7.279238e-02,6.047479e-04,2.428811e-01,1.328912e-13,2.880687e-01,3.202004e-01	5.627520	0.000907	-0.009329	-2738.441679	598
6	7	cay016	cay018	2879	0.953877	0.044502	0.000476	0.000000	0.000000	0.000675	0.000449	0.000000	0.000022	0.023085	0.001145	0.000022	0.011609	0.000246	0.000022	0.000476	0.000022	0.000497	0.023535	0.000337	-2939.832803	114	-1	0.001046	9.091954e-04,5.119430e-02,2.251962e-05,1.084147e-05,2.302488e-01,1.436524e-01,4.765796e-02,1.403913e-01,3.859127e-01	0.207082	0.601283	0.169511	-3241.246501	182
6	8	cay016	cay020	2525	1.000000	0.000000	0.000000	0.000000	0.000000	0.000000	0.000000	0.000000	0.000000	0.000004	0.000004	0.004312	0.000004	0.000004	0.000004	0.000000	0.000004	0.000004	0.002158	-0.002154	-2585.107751	202	-2585.109277	0.000918	9.504247e-07,8.354013e-08,6.873329e-02,7.679341e-02,1.166323e-01,1.651363e-01,1.009709e-06,1.947413e-01,3.779614e-01	0.589325	0.230770	-0.031102	-2796.352315	234
6	9	cay016	cay022	2914	0.614091	0.000000	0.000000	0.377531	0.000000	0.006360	0.000000	0.002013	0.000005	0.000005	0.008378	0.379550	0.000005	0.000005	0.000005	0.002013	0.000005	0.002018	0.193964	-0.185586	-3016.505262	194	-1	0.001059	9.080533e-03,5.958325e-02,2.810177e-04,7.148614e-02,6.284784e-06,2.786694e-01,7.072128e-02,1.454255e-01,3.647466e-01	11297.493056	0.000010	-0.255771	-3286.360558	3294
6	10	cay016	cay027	1482	0.758763	0.000000	0.000000	0.206093	0.000000	0.030431	0.000000	0.004710	0.000002	0.000002	0.035144	0.210805	0.000002	0.000002	0.000002	0.004710	0.000002	0.004712	0.122975	-0.087831	-1513.351316	194	-1	0.000539	3.025830e-02,2.689142e-06,8.027651e-02,9.308268e-02,3.659423e-05,2.205282e-01,3.344716e-07,2.070022e-01,3.688124e-01	2193.702364	0.000061	-0.308278	-1657.958855	126
6	11	cay016	cay033	1603	0.746092	0.000087	0.000000	0.000180	0.000000	0.252376	0.000006	0.000075	0.001184	0.001232	0.253640	0.001439	0.001208	0.001187	0.001184	0.000075	0.001184	0.001258	0.127586	0.126098	-1621.383618	82	-1	0.000582	6.028415e-02,1.070157e-27,6.906997e-02,2.287852e-02,2.049614e-02,1.770419e-01,1.238030e-29,3.043744e-01,3.458550e-01	3.369902	0.035747	-0.215747	-1779.300887	1326
6	12	cay016	cay1820	5321	0.931005	0.000001	0.000000	0.065740	0.000000	0.001765	0.000000	0.001305	0.000184	0.000185	0.003254	0.067229	0.000184	0.000184	0.000184	0.001305	0.000184	0.001489	0.035242	-0.031987	-5476.930757	106	-1	0.001934	1.585491e-02,2.631257e-04,5.260532e-02,3.756021e-02,1.678392e-01,1.449324e-01,3.083272e-02,1.572787e-01,3.928335e-01	0.497131	0.396340	0.001425	-5987.695419	443
6	13	cay016	CAY004	6135	0.904906	0.005192	0.089901	0.000000	0.000000	0.000000	0.000000	0.000000	0.000000	0.092498	0.000000	0.000000	0.046249	0.000000	0.000000	0.089901	0.000000	0.089901	0.092498	-0.000000	-6416.905181	274	-1	0.002229	3.228530e-02,3.788393e-05,3.656059e-03,1.656537e-04,2.289480e-01,1.959518e-01,3.459535e-02,1.462808e-01,3.580790e-01	0.167075	0.601407	0.190477	-6970.803935	315
6	14	cay016	CAY008	6414	0.961753	0.000319	0.000000	0.035121	0.000496	0.000000	0.000000	0.000000	0.002311	0.002843	0.002311	0.037928	0.002639	0.002311	0.002559	0.000000	0.002311	0.002311	0.020527	-0.017560	-6740.302074	114	-1	0.002331	4.148721e-03,3.827275e-02,5.812237e-09,6.563103e-02,9.031351e-02,2.640511e-01,1.513518e-02,2.010024e-01,3.214453e-01	0.167585	0.154622	0.080102	-7302.609332	9702
7	8	cay018	cay020	2234	0.168318	0.000437	0.642919	0.000077	0.000013	0.000091	0.103390	0.000000	0.084756	0.805445	0.188237	0.084845	0.458026	0.136451	0.084762	0.642919	0.084756	0.727675	0.831380	0.000007	-2061.084177	114	-1	0.000812	7.970949e-02,7.091744e-03,3.594228e-29,3.602185e-30,2.341527e-01,4.313963e-02,2.444595e-32,7.433119e-02,5.615752e-01	0.000000	1.879800	0.394949	-2181.749111	779
7	9	cay018	cay022	2535	0.681916	0.000000	0.000000	0.000821	0.000000	0.184940	0.016330	0.115653	0.000341	0.012589	0.317264	0.116814	0.008506	0.008506	0.000341	0.115653	0.000341	0.115993	0.225204	0.092060	-2587.503681	394	-1	0.000921	2.809690e-02,4.910878e-02,4.314953e-02,1.714851e-04,9.798337e-02,1.372333e-01,8.373824e-02,1.311549e-01,4.293635e-01	1.294993	0.220407	-0.303313	-2828.574915	302
7	10	cay018	cay027	1255	0.358667	0.060810	0.042696	0.537563	0.000000	0.000248	0.000000	0.000016	0.000000	0.073101	0.000264	0.537580	0.036551	0.000000	0.000000	0.042712	0.000000	0.042712	0.342023	-0.268658	-1332.064294	110	-1	0.000456	2.786520e-05,9.071272e-02,3.084289e-05,9.372711e-02,4.185646e-04,2.476116e-01,1.214945e-01,9.103800e-10,4.459767e-01	290.338398	0.000756	-0.560496	-1444.807513	378
7	11	cay018	cay033	1440	0.801766	0.000000	0.000000	0.002981	0.000000	0.191881	0.000000	0.003365	0.000007	0.000007	0.195253	0.006353	0.000007	0.000007	0.000007	0.003365	0.000007	0.003371	0.100803	0.094450	-1475.955709	238	-1	0.000523	6.238753e-07,1.575780e-01,6.363038e-09,7.897386e-12,4.239959e-05,2.132787e-01,1.546514e-01,2.254104e-04,4.742235e-01	3647.473812	0.000081	-0.833211	-1612.661708	2890
7	12	cay018	cay1820	86160	0.000000	0.000001	0.039103	0.000000	0.000001	0.000000	0.000007	0.000000	0.960887	0.999997	0.960895	0.960889	0.980443	0.960891	0.960888	0.039104	0.960887	0.999991	1.000000	-0.000000	-47338.031912	58	-1	0.031308	2.441084e-01,7.582643e-08,8.652910e-49,4.153205e-09,1.343543e-02,5.971603e-07,5.970312e-39,1.442955e-06,7.424540e-01	0.000000	6337.181660	0.499961	-51640.090983	30
7	13	cay018	CAY004	5184	0.822623	0.000000	0.000000	0.020747	0.000000	0.152826	0.000000	0.003803	0.000002	0.000002	0.156630	0.024552	0.000002	0.000002	0.000002	0.003803	0.000002	0.003805	0.090591	0.066039	-5289.927467	206	-1	0.001884	7.889276e-03,9.766330e-02,3.356590e-04,2.669260e-02,1.466101e-03,2.565419e-01,4.993911e-02,2.097627e-01,3.497094e-01	34.291488	0.002287	-0.166922	-5805.511905	634
7	14	cay018	CAY008	5484	0.601444	0.000000	0.000000	0.000853	0.000000	0.250069	0.000000	0.147625	0.000010	0.000010	0.397704	0.148488	0.000010	0.000010	0.000010	0.147625	0.000010	0.147635	0.273096	0.124608	-5722.816762	370	-1	0.001993	3.809842e-02,2.064261e-02,9.235572e-02,9.472409e-10,1.056077e-01,9.229982e-02,7.076542e-02,1.559544e-01,4.242759e-01	1.544595	0.244452	-0.459548	-6231.708637	226
8	9	cay020	cay022	2212	0.987959	0.000114	0.004103	0.000000	0.000000	0.007793	0.000000	0.000000	0.000031	0.004191	0.007825	0.000032	0.002111	0.000031	0.000031	0.004103	0.000031	0.004135	0.008088	0.003897	-2267.799550	194	-1	0.000804	9.712213e-16,3.000230e-02,6.608210e-02,3.721008e-13,2.624037e-01,3.021162e-02,1.049365e-01,7.065957e-05,5.062931e-01	0.651738	1.134458	-0.136104	-2478.784187	490
8	10	cay020	cay027	1172	1.000000	0.000000	0.000000	0.000000	0.000000	0.000000	0.000000	0.000000	0.000000	0.000004	0.001572	0.000004	0.000004	0.000004	0.000004	0.000000	0.000004	0.000004	0.000788	0.000784	-1157.811837	190	-1157.812550	0.000426	2.713618e-10,3.163596e-02,4.443624e-02,4.963240e-07,1.979889e-01,1.140115e-01,5.728356e-03,2.126331e-01,3.935655e-01	0.253371	0.484737	0.129478	-1273.109705	246
8	11	cay020	cay033	1243	0.469086	0.000000	0.000000	0.001970	0.000000	0.466514	0.000000	0.062394	0.000035	0.000035	0.528943	0.064400	0.000035	0.000035	0.000035	0.062394	0.000035	0.062429	0.296671	0.232272	-1311.878977	262	-1	0.000452	5.180786e-02,6.292709e-05,1.295489e-01,6.722061e-02,7.916488e-04,9.184509e-02,1.101349e-04,2.775775e-01,3.810354e-01	163.783475	0.001398	-0.589853	-1430.565816	286
8	12	cay020	cay1820	76452	0.000000	0.000000	0.040964	0.000000	0.000000	0.000000	0.000000	0.000000	0.959035	1.000000	0.959035	0.959035	0.979518	0.959035	0.959035	0.040964	0.959035	1.000000	1.000000	0.000000	-42281.912007	90	-1	0.027781	2.432086e-01,2.553607e-06,6.391264e-36,2.844714e-08,1.411994e-02,7.722425e-08,2.333957e-30,1.386188e-06,7.426674e-01	0.000000	3490.311348	0.499928	-46008.995773	30
8	13	cay020	CAY004	4659	0.873371	0.000000	0.000000	0.000065	0.000000	0.126562	0.000000	0.000000	0.000001	0.000001	0.126564	0.000067	0.000001	0.000001	0.000001	0.000000	0.000001	0.000001	0.063315	0.063248	-4817.392309	222	-1	0.001693	1.666105e-05,6.700972e-03,7.547200e-02,8.046523e-03,2.562977e-01,6.338941e-02,5.327887e-02,1.013562e-01,4.354417e-01	0.502349	0.831477	-0.001740	-5247.808659	482
8	14	cay020	CAY008	4906	0.675493	0.000000	0.000000	0.000435	0.000000	0.323308	0.000000	0.000757	0.000008	0.000008	0.324072	0.001199	0.000008	0.000008	0.000008	0.000757	0.000008	0.000764	0.162636	0.161437	-5060.820811	110	-1	0.001783	2.636523e-02,1.577070e-02,8.518418e-02,3.361680e-03,1.349100e-01,8.004537e-02,4.069487e-02,2.004962e-01,4.131718e-01	0.933060	0.317023	-0.205179	-5500.539720	1182
9	10	cay022	cay027	1281	0.853718	0.000001	0.000000	0.000183	0.036938	0.108477	0.000000	0.000684	0.000000	0.027704	0.109161	0.037805	0.018469	0.000000	0.018469	0.000684	0.000000	0.000684	0.091952	0.054147	-1353.460108	122	-1	0.000465	9.460533e-03,2.225679e-08,1.130008e-01,5.278329e-02,1.943784e-01,1.599384e-02,1.999950e-04,1.959994e-01,4.181838e-01	0.582373	0.514259	-0.049000	-1472.334723	186
9	11	cay022	cay033	1421	0.893958	0.000000	0.000000	0.000000	0.000000	0.106039	0.000000	0.000000	0.000002	0.000002	0.106042	0.000003	0.000002	0.000002	0.000002	0.000000	0.000002	0.000002	0.053022	0.053020	-1529.049511	254	-1	0.000516	7.043364e-16,1.349240e-02,1.031826e-01,6.840785e-13,2.801674e-01,2.303852e-02,7.563621e-02,1.024359e-01,4.020469e-01	0.638257	0.881624	-0.110782	-1669.250687	278
9	12	cay022	cay1820	4685	0.954914	0.000353	0.002412	0.001419	0.006250	0.004149	0.000000	0.030503	0.000000	0.007276	0.034651	0.038172	0.004419	0.000000	0.003125	0.032914	0.000000	0.032914	0.042125	0.001365	-4813.620933	142	-1	0.001702	9.640649e-03,2.521482e-04,9.637054e-02,1.872592e-02,2.377489e-01,3.315470e-02,3.996094e-02,1.060839e-01,4.580622e-01	0.573426	0.807165	-0.055094	-5259.878338	494
9	13	cay022	CAY004	5494	0.774649	0.000000	0.000000	0.025436	0.000000	0.153560	0.000000	0.046327	0.000028	0.000028	0.199916	0.071791	0.000028	0.000028	0.000028	0.046327	0.000028	0.046355	0.135853	0.064062	-5746.834820	110	-1	0.001996	2.188677e-02,6.620048e-04,9.690718e-02,7.788934e-04,2.360631e-01,2.953166e-02,7.495608e-02,7.564102e-02,4.635733e-01	0.728040	0.847694	-0.186031	-6279.195595	787
9	14	cay022	CAY008	5642	0.930471	0.000000	0.000000	0.069528	0.000000	0.000000	0.000000	0.000000	0.000002	0.000002	0.000002	0.069529	0.000002	0.000002	0.000002	0.000000	0.000002	0.000002	0.034765	-0.034764	-5841.151394	174	-1	0.002050	4.127155e-03,9.309967e-06,7.153761e-03,4.150828e-02,1.855356e-01,2.494818e-01,4.948909e-02,1.141797e-01,3.485153e-01	0.305294	0.401747	0.093076	-6370.751099	242
10	11	cay027	cay033	780	1.000000	0.000000	0.000000	0.000000	0.000000	0.000000	0.000000	0.000000	0.000000	0.000000	0.000033	0.000001	0.000000	0.000000	0.000000	0.000000	0.000000	0.000000	0.000017	0.000016	-808.361523	86	-808.361643	0.000283	3.725820e-06,1.203964e-06,3.121648e-02,3.463306e-07,3.150672e-01,1.243123e-01,1.475232e-08,1.961825e-01,3.332163e-01	0.099079	0.895808	0.265754	-891.056025	107
10	12	cay027	cay1820	2377	0.777679	0.022718	0.007187	0.093561	0.000000	0.076122	0.000000	0.022718	0.000014	0.018560	0.098854	0.116294	0.009287	0.000014	0.000014	0.029905	0.000014	0.029920	0.126120	-0.008720	-2466.005383	106	-1	0.000864	6.370277e-09,2.470621e-02,8.934550e-02,4.852396e-02,1.754407e-01,4.329894e-02,5.795890e-02,8.591443e-02,4.748114e-01	0.839625	0.501620	-0.215367	-2690.194281	578
10	13	cay027	CAY004	2698	0.848897	0.000000	0.000000	0.149287	0.000000	0.001803	0.000000	0.000002	0.000012	0.000012	0.001816	0.149300	0.000012	0.000012	0.000012	0.000002	0.000012	0.000014	0.075558	-0.073742	-2774.807283	202	-1	0.000980	1.472105e-02,2.247401e-04,7.112069e-02,5.432490e-02,1.194818e-01,1.299340e-01,2.910043e-02,1.734588e-01,4.076336e-01	0.838798	0.260784	-0.135633	-3008.944966	339
10	14	cay027	CAY008	2738	0.847689	0.000000	0.000000	0.152272	0.000000	0.000000	0.000000	0.000020	0.000019	0.000019	0.000039	0.152311	0.000019	0.000019	0.000019	0.000020	0.000019	0.000039	0.076175	-0.076136	-2859.310481	206	-1	0.000995	4.308512e-02,1.391100e-03,3.920815e-07,1.521996e-09,1.546131e-01,2.701801e-01,6.871770e-02,1.186579e-01,3.433545e-01	0.444452	0.336886	0.024558	-3125.763650	262
11	12	cay033	cay1820	2631	0.695193	0.000000	0.000000	0.290429	0.000000	0.006878	0.000000	0.007488	0.000012	0.000012	0.014379	0.297929	0.000012	0.000012	0.000012	0.007488	0.000012	0.007500	0.156154	-0.141775	-2744.176853	230	-1	0.000956	3.799982e-07,2.239029e-06,1.005665e-01,1.263034e-01,7.652524e-02,8.540732e-02,1.312365e-02,1.716288e-01,4.264425e-01	1.485656	0.153964	-0.281240	-2997.886386	286
11	13	cay033	CAY004	3073	0.498293	0.030980	0.321419	0.007304	0.000002	0.003039	0.036506	0.062371	0.040087	0.404376	0.142002	0.109763	0.226795	0.058340	0.040088	0.383789	0.040087	0.423876	0.481045	-0.002132	-3098.088381	638	-1	0.001117	5.360668e-02,4.350124e-04,6.112350e-02,3.139978e-02,2.063256e-01,3.404016e-02,1.225496e-02,1.028112e-01,4.980031e-01	0.355644	0.852357	0.102468	-3371.705896	6810
11	14	cay033	CAY008	3143	0.828640	0.000000	0.000000	0.157714	0.000000	0.001728	0.000000	0.011916	0.000002	0.000002	0.013646	0.169631	0.000002	0.000002	0.000002	0.011916	0.000002	0.011918	0.091639	-0.077993	-3284.112564	266	-1	0.001142	1.480001e-08,1.475361e-05,8.704631e-02,2.563319e-02,2.621168e-01,6.025312e-02,7.912411e-02,2.511332e-02,4.606984e-01	0.633956	0.945639	-0.110546	-3596.386776	354
12	13	cay1820	CAY004	9685	0.959794	0.000000	0.000000	0.000891	0.000000	0.037193	0.000000	0.002120	0.000002	0.000002	0.039316	0.003013	0.000002	0.000002	0.000002	0.002120	0.000002	0.002122	0.021164	0.018151	-9983.761970	182	-1	0.003519	1.482225e-02,1.675023e-02,4.833676e-02,7.590311e-04,1.887952e-01,1.445382e-01,5.999872e-02,1.246125e-01,4.013871e-01	0.573825	0.477968	-0.041966	-10921.184831	666
12	14	cay1820	CAY008	10224	0.970713	0.000000	0.000000	0.011606	0.000000	0.009358	0.000000	0.008320	0.000003	0.000003	0.017681	0.019929	0.000003	0.000003	0.000003	0.008320	0.000003	0.008323	0.018805	-0.001124	-10643.747748	214	-1	0.003715	1.839627e-02,4.392030e-05,6.286561e-02,2.604438e-02,1.641150e-01,1.336326e-01,4.159489e-02,1.606664e-01,3.926411e-01	0.636508	0.386291	-0.069079	-11577.750296	254
13	14	CAY004	CAY008	11668	0.882197	0.000000	0.000000	0.116503	0.000000	0.001296	0.000000	0.000000	0.000004	0.000004	0.001300	0.116507	0.000004	0.000004	0.000004	0.000000	0.000004	0.000004	0.058903	-0.057604	-12007.285892	170	-1	0.004240	5.611967e-05,4.080758e-02,2.485093e-02,6.598642e-02,8.385608e-02,2.060687e-01,3.023213e-02,1.712864e-01,3.768557e-01	0.656876	0.155510	-0.040361	-13150.866726	590
