PairIndividuals Normalized2AlleleDifference StandardError NonNormalizedP0 NonNormalizedStandardError
CAY004cay007 1.08361853550307 0.0769495728386341 0.188040268456376 0.0133530553973615
CAY004CAY008 0.960040306015557 0.100098048957622 0.166595744680851 0.017370009261804
CAY004cay011 1.12150430070318 0.204644178762114 0.194614583333333 0.0355118937630553
CAY004cay012 0.723817194769202 0.163124066822001 0.12560396039604 0.028306910884156
CAY004cay013 0.964651777875561 0.0737715474435199 0.167395973154362 0.0128015728148114
CAY004cay014 0.906013480495966 0.123721330061728 0.157220472440945 0.0214693560107724
CAY004cay015 1.23444590064361 0.254388153135314 0.214213333333333 0.0441439630648979
CAY004cay016 0.732881697445422 0.118533440718422 0.127176923076923 0.0205691018411774
CAY004cay022 1.12139168607263 0.151485830754275 0.194595041322314 0.0262873283808741
CAY004cay027 0.653579313072252 0.17693932753933 0.113415584415584 0.0307042723623586
CAY004cay033 0.419105021550969 0.20364843496265 0.0727272727272727 0.0353391023930018
CAY004cay1820 0.996822583713375 0.125935498047706 0.172978571428571 0.0218535804669346
cay007CAY008 1.10332540210954 0.0724477681372462 0.19146 0.0125718574602164
cay007cay011 1.16423621807562 0.136358547012144 0.202029850746269 0.0236622916149927
cay007cay012 0.86179223842428 0.117021220169517 0.149546762589928 0.0203066862874886
cay007cay013 0.966972325813679 0.0592581833507572 0.167798657718121 0.0102830694939529
cay007cay014 1.0823422341371 0.0897311732485948 0.187818791946309 0.0155710458558538
cay007cay015 0.809749984842847 0.11961518221851 0.140515873015873 0.0207568163877751
cay007cay016 0.948157856230271 0.0875210245852238 0.164533783783784 0.0151875188725359
cay007cay022 1.03728492833865 0.0945668753965893 0.18 0.0164101849996502
cay007cay027 1.25149960558588 0.150047865283573 0.217172661870504 0.0260377983070679
cay007cay033 1.16618729516436 0.186179475028699 0.202368421052632 0.0323077146785892
cay007cay1820 0.917993241379672 0.0703321611800106 0.159299319727891 0.0122047362942777
CAY008cay011 1.39963188569055 0.244973531316944 0.242878048780488 0.0425102442273739
CAY008cay012 1.43568313735577 0.222055136955184 0.249134020618557 0.0385332164383709
CAY008cay013 0.780611420545541 0.0731867516176693 0.135459459459459 0.0127000932253781
CAY008cay014 1.0278511847517 0.14112359684696 0.178362962962963 0.0244891704665351
CAY008cay015 0.792613436540429 0.190839476239492 0.137542168674699 0.0331163644478344
CAY008cay016 1.17483016065367 0.15577100707593 0.203868217054264 0.0270309348064811
CAY008cay022 1.01203214711125 0.148958853306856 0.175617886178862 0.0258488221150365
CAY008cay027 0.958702736797841 0.182868071883053 0.166363636363636 0.0317330870618832
CAY008cay033 0.663548025370571 0.221343774493956 0.115145454545455 0.0384097737472425
CAY008cay1820 1.0234793375658 0.118490172579281 0.177604316546763 0.0205615935232286
cay011cay012 0.778742438692679 0.308781169715301 0.135135135135135 0.053582780420587
cay011cay013 0.956424269021949 0.147976772094321 0.165968253968254 0.0256784016129866
cay011cay014 0.855309855407015 0.234433462822654 0.148421875 0.0406812266863488
cay011cay015 1.26058932263377 0.407843269324103 0.21875 0.0707730214454359
cay011cay016 1.14590297975727 0.260086588497781 0.198848484848485 0.0451328122588093
cay011cay022 1.12547920243894 0.266032007879054 0.195304347826087 0.046164520576738
cay011cay027 0.650626747165819 0.319282324581092 0.112903225806452 0.0554050452816699
cay011cay033 0.823242006617975 0.559282810581988 0.142857142857143 0.0970523172123939
cay011cay1820 1.11119482988629 0.208088663200904 0.192825581395349 0.0361096149696819
cay012cay013 1.01288952354254 0.152187610936264 0.175766666666667 0.0264091082595815
cay012cay014 1.35054137501314 0.284358355043158 0.234359375 0.049344690652883
cay012cay015 1.00220766023058 0.465686000461491 0.173913043478261 0.0808104675899639
cay012cay016 1.40758769921203 0.304565209794954 0.244258620689655 0.0528511851135214
cay012cay022 0.771240553199939 0.227375756940747 0.133833333333333 0.0394565033494563
cay012cay027 0.823242006617975 0.325031909191013 0.142857142857143 0.0564027704018482
cay012cay033 0.606599373297455 0.416845548089814 0.105263157894737 0.0723351864143449
cay012cay1820 0.826691286417855 0.207445991531028 0.143455696202532 0.0359980921880265
cay013cay014 0.997792339769422 0.120334658866097 0.173146853146853 0.0208816671332431
cay013cay015 1.19404128850265 0.185016486953584 0.207201923076923 0.0321059014180263
cay013cay016 0.961257109644708 0.106256437484594 0.166806896551724 0.0184386741045781
cay013cay022 1.05284420226373 0.112727847793533 0.1827 0.0195616576009975
cay013cay027 0.936219865526194 0.143658050848062 0.16246218487395 0.0249289741383469
cay013cay033 0.962496558352815 0.209594571748645 0.167021978021978 0.0363709352021349
cay013cay1820 0.960880229724437 0.0856400290439156 0.166741496598639 0.0148611098134766
cay014cay015 0.918606837906344 0.207431919369699 0.159405797101449 0.0359956502465984
cay014cay016 1.14078058504943 0.197195904364652 0.197959595959596 0.0342193950918459
cay014cay022 0.866325004964315 0.177523044772236 0.150333333333333 0.0308055647836138
cay014cay027 1.2853350088327 0.267431159291024 0.223044117647059 0.0464073152489386
cay014cay033 1.48183561191235 0.398331450650331 0.257142857142857 0.0691224360426178
cay014cay1820 0.96182539921235 0.147710189264187 0.166905511811024 0.0256321415082523
cay015cay016 1.28049196040488 0.307827391524033 0.222203703703704 0.0534172713403547
cay015cay022 0.96049076637348 0.314541075837412 0.166673913043478 0.0545822966322422
cay015cay027 0.560261921170566 0.27692748112565 0.0972222222222222 0.0480552114860607
cay015cay033 1.37207001102996 0.511544797655413 0.238095238095238 0.0887683422967012
cay015cay1820 1.26274143985478 0.23749349795458 0.219123456790123 0.0412122344246267
cay016cay022 1.23962605296525 0.200905462319526 0.215112244897959 0.0348631144920178
cay016cay027 0.687863196097243 0.204555634197502 0.119364864864865 0.0354965286293348
cay016cay033 0.864404106948873 0.369406012109381 0.15 0.0641030061876887
cay016cay1820 1.20910037771986 0.169992639727511 0.20981512605042 0.0294988139854302
cay022cay027 1.06331995679794 0.288214507984707 0.184517857142857 0.0500138486735153
cay022cay033 0.648303080211655 0.262776758458228 0.1125 0.0455996373129976
cay022cay1820 1.09190524582121 0.165160946139071 0.189478260869565 0.028660370446766
cay027cay033 2.03389201635029 0.688475702154676 0.352941176470588 0.119471153009352
cay027cay1820 1.37359843320504 0.230512844808288 0.238360465116279 0.0400008820449627
cay033cay1820 1.11786817459301 0.278779540224371 0.193983606557377 0.0483765992057335
