PairIndividuals Normalized2AlleleDifference StandardError NonNormalizedP0 NonNormalizedStandardError
CAY004cay007 1.00681387986619 0.00867107823776916 0.22459257898604 0.00193427987332587
CAY004CAY008 1.02114717451278 0.017644797914765 0.227789944134078 0.00393607075608778
CAY004cay011 1.00017130819252 0.0244968626916965 0.2231108033241 0.00546457858698396
CAY004cay012 1.02302392719677 0.0235488493743912 0.228208596214511 0.00525310280173257
CAY004cay013 0.966478020228567 0.012662297860724 0.215594754340598 0.00282461156853279
CAY004cay014 0.958411522495553 0.0225455025429448 0.213795339805825 0.00502928362621428
CAY004cay015 0.848057769924858 0.0328008236071445 0.189178442496132 0.0073169646486934
CAY004cay016 0.949157379431482 0.0227311171213291 0.211730994152047 0.00507068915080069
CAY004cay022 1.0392891128241 0.0251129234869912 0.231836913285601 0.00560200486367159
CAY004cay027 1.0061072599703 0.0337252407965078 0.224434951456311 0.00752317678459059
CAY004cay033 0.777941217589719 0.0287362436513815 0.173537361623616 0.00641026827410518
CAY004cay1820 1.02055743658115 0.0186352400718069 0.227658389766742 0.00415701125247435
cay007cay011 1.02127074874874 0.0111492989869817 0.227817510158847 0.00248710299236783
cay007cay012 1.01264359395903 0.010787678710376 0.225893028402803 0.0024064354209719
cay007cay013 1.00091992029975 0.00747345654084636 0.223277798165138 0.00166712330055665
cay007cay014 1.00121392409488 0.0108017530829707 0.223343382352941 0.00240957502770743
cay007cay015 0.992177650672701 0.0159781940619032 0.221327637444279 0.00356429711952245
cay007cay016 1.00377380996632 0.0104739057740484 0.223914422722243 0.00233644127965633
cay007cay022 1.02671056868422 0.0112561533457199 0.229030984876429 0.0025109392708348
cay007cay027 0.996532443503075 0.0155702404879782 0.222299072356215 0.00347329385952907
cay007cay033 1.00804390534315 0.0142224912572405 0.22486696395392 0.00317264794908725
cay007cay1820 1.0210666216159 0.00901239014645318 0.227771974990805 0.00201041720450786
CAY008cay007 1.03105451397669 0.008596200281106 0.23 0.00191757665366186
CAY008cay011 1.00129567062773 0.0241453184884437 0.22336161776368 0.00538615871135945
CAY008cay012 1.03636719278147 0.023753396996254 0.231185113016368 0.00529873176934845
CAY008cay013 0.905188725867286 0.0122423645221759 0.201922792759512 0.0027309359514274
CAY008cay014 1.00569040664493 0.0228751003128133 0.224341962905719 0.00510280785412089
CAY008cay015 0.991259591918574 0.0351016176532081 0.221122843700993 0.00783020873367744
CAY008cay016 0.999828691807481 0.0229443733731952 0.223034375 0.00511826077505944
CAY008cay022 1.05041772057747 0.0247000300268953 0.234319400630915 0.0055098996504799
CAY008cay027 1.0300973777865 0.0341370520258403 0.229786489151874 0.0076150405817638
CAY008cay033 1.04655993499491 0.0319779987398513 0.233458834412581 0.0071334149751194
CAY008cay1820 1.01207685343883 0.0184357801489109 0.22576660412758 0.00411251721103988
cay011cay012 0.986555400215046 0.0315528988993391 0.220073467477773 0.00703858685304396
cay011cay013 1.01589096144357 0.018145271135494 0.226617427075542 0.00404771261324206
cay011cay014 0.983215738252048 0.0308176693804334 0.219328480436761 0.00687457730063331
cay011cay015 0.954165766590537 0.0462018482556729 0.212848228043143 0.0103063659144651
cay011cay016 1.03983863762929 0.0321306878184938 0.231959497206704 0.00716747572322895
cay011cay022 1.03255100309209 0.0338815891893684 0.230333825701625 0.00755805382539733
cay011cay027 0.83149672346961 0.0418373623927549 0.185484126984127 0.0093327687526628
cay011cay033 0.982375407324617 0.0411801966764614 0.219141025641026 0.00918617309482068
cay011cay1820 1.01828795133781 0.0259298351646709 0.227152129817444 0.0057842354667283
cay012cay013 1.00201244917646 0.0177412913356165 0.2235215114104 0.00395759579331422
cay012cay014 0.992238344038748 0.0306713695934674 0.221341176470588 0.00684194182836094
cay012cay015 0.995191748273156 0.0449141360048385 0.222 0.0100191126085758
cay012cay016 0.949190382196924 0.0306252502909921 0.211738356164384 0.00683165387614742
cay012cay022 0.996501586509436 0.0332068680899639 0.22229218900675 0.00740754204279089
cay012cay027 0.909986869791084 0.0414452805016823 0.202993127147766 0.00924530603005769
cay012cay033 1.00039645573311 0.0410473808355198 0.223161027568922 0.00915654552130012
cay012cay1820 1.01906706588889 0.0252363524259992 0.227325928917609 0.00562953847667362
cay013cay014 0.994341524653372 0.016914187335031 0.221810338415768 0.00377309156239732
cay013cay015 0.976311644360852 0.0273494644913691 0.217788366336634 0.00610091585628526
cay013cay016 0.992105089121313 0.0179194039005948 0.221311450951138 0.00399732782434623
cay013cay022 0.985036248924965 0.0188992614914096 0.219734586466165 0.00421590719413937
cay013cay027 1.00875444033515 0.0256890984969093 0.225025464834276 0.00573053371494449
cay013cay033 0.966048816190761 0.0242926604095475 0.215499010684606 0.00541902665519218
cay013cay1820 0.973805391136709 0.0134878597214462 0.217229289940828 0.00300877179031753
cay014cay015 0.979565828930901 0.0446129274048151 0.218514285714286 0.00995192122629067
cay014cay016 0.921752069690516 0.0295060742500498 0.205617620751342 0.0065819963789663
cay014cay022 1.0014067439955 0.0319346597305905 0.223386395187413 0.00712374723011187
cay014cay027 1.02721879822231 0.042467240992713 0.229144356955381 0.00947327740281323
cay014cay033 0.991626672466598 0.0406482113227969 0.221204729309272 0.00906750174458246
cay014cay1820 1.01931372758565 0.0252396639312967 0.227380952380952 0.00563027718273436
cay015cay016 0.939890295749011 0.0443916978840888 0.209663761801017 0.00990257098430318
cay015cay022 0.898225440045338 0.0466295486426113 0.200369474562135 0.0104017741471651
cay015cay027 0.872082409991213 0.0639942883325116 0.19453768115942 0.0142753715899161
cay015cay033 0.924765976865693 0.0590506125258314 0.206289940828402 0.0131725730277422
cay015cay1820 0.947296715847099 0.0357334862172409 0.211315931108719 0.00797116129026635
cay016cay022 1.04502955256948 0.0332359853577183 0.233117448042533 0.00741403730709819
cay016cay027 0.984335845507652 0.0433636955298033 0.219578345662408 0.00967325183746803
cay016cay033 0.971495449304941 0.0414354804401672 0.216714005235602 0.00924311990496157
cay016cay1820 0.984543415040126 0.0248301540641979 0.219624648735448 0.00553892675639323
cay022cay027 0.974194698404034 0.0451917300479625 0.21731613372093 0.0100810362305114
cay022cay033 1.11559553201313 0.0451948745738911 0.248858783783784 0.010081737688052
cay022cay1820 1.01384450859597 0.0267862184800517 0.22616091954023 0.00597527111020547
cay027cay033 1.03905311958585 0.058901136694899 0.231784269662921 0.013139229067119
cay027cay1820 1.01146419861577 0.0355342915778037 0.225629937629938 0.0079267264262999
cay033cay1820 0.99517427129182 0.0336389255071941 0.221996101364522 0.00750392220951911
